1889410
777010
866510
614910
603750
282800
253230
1030430
1157780
1229730
1880700
562430
1427640
270880
450860
1464540
876910
1105130
530700
290340
583950
1648580
1073130
1448230
946490
582810
489940
411480
1412190
706990
1530440
485610
732340
296300
1156670
1949740
238460
650580
642190
1007950
550650
845870
225600
575950
709840
531960
1747430
598780
529840
1385580
429780
829080
615050
397900
722960
797180
302670
1850930
588120
616830
1350560
544840
1639070
1718260
602770
1190990
665360
730
451600
1187920
1782210
684130
880770
1585660
1284150
832680
447820
672490
346930
1190620
707590
274940
1054900
663920
278970
506730
401190
874400
1862210
322330
570
1155580
667530
1536390
1584830
1395060
890180
890710
374670
417860
530630
979530
744760
227300
1478370
1092140
800280
1025050
1622920
1067810
1745000
937640
519870
391240
1033410
364640
486780
1800650
546170
1098130
1923910
1086410
868080
571740
431240
369990
1003070
1808520
914260
1520380
1366360
581740
679990
433530
269210
283880
374280
457960
1784410
1035640
560080
348670
363360
513510
1810700
518150
728540
612660
1483160
232090
724430
876780
844870
1056330
794600
931360
922130
1107440
634340
1127450
796340
1285870
871160
1639050
1397240
1526600
546930
1265510
949000
1706770
1479170
420900
534210
516940
299740
1350570
1480930
749830
323850
4920
696400
989560
734840
1446960
471550
1808880
1644200
643270
986100
218620
578080
757130
1026670
238960
1209140
1521580
805270
1219480
321360
1904820
936800
508710
774861
1155260
1113950
414740
654670
1513860
338170
764030
1187520
708940
656610
1280770
517710
328070
1557990
663690
1427760
270450
843660
1179010
911230
916510
1070330
252490
1678920
366440
1576090
464350
705710
496960
684580
1158020
530300
1945300
590790
875670
528970
690530
244850
207140
454580
1576900
1297090
1391070
381250
753
250820
1403280
264710
418030
321400
1039870
440730
1733600
1310470
440
437220
1365560
1125060
924890
1353670
1657130
793720
1538670
757160
859700
676340
654700
304930
1575870
655010
695360
749820
391460
854770
1362990
431960
230410
709870
308080
1163690
424370
657730
552990
625340
1467240
703280
263920
914160
508900
679650
1890340
1157720
714910
771950
722670
1245230
1754530
840140
1799210
1733960
